a_1 = 1;
a_2 = 1;
l_1 = 0.5;
l_2 = 0.5;
m_l_1 = 50;
m_l_2 = 50;
I_l_1 = 10;
I_l_2 = 10;
k_r_1 = 100;
k_r_2 = 100;
m_m_1 = 5;
m_m_2 = 5;
I_m_1 = 0.01;
I_m_2 = 0.01;

F = [0.1, 0;
    0, 0.1];

gravity = 9.81;

f = 2.0;

K_p = [25 0; 0 25];
K_d = [10 0; 0 10];

